2048.000000
2447.544922
2831.735596
3185.807861
3496.154785
3750.849609
3940.105225
4056.648193
4096.000000
4056.648438
3940.105469
3750.849854
3496.154785
3185.808105
2831.735840
2447.545410
2048.000244
1648.455200
1264.264771
910.192383
599.845703
345.150513
155.894775
39.351807
0.000000
39.351562
155.894531
345.150024
599.845093
910.192017
1264.263428
1648.454224
2048.000000
2447.544922
2831.735596
3185.807861
3496.154785
3750.849609
3940.105225
4056.648193
4096.000000
4056.648438
3940.105469
3750.849854
3496.154785
3185.808105
2831.735840
2447.545410
2048.000244
1648.455200
1264.264771
910.192383
599.845703
345.150513
155.894775
39.351807
0.000000
39.351562
155.894531
345.150024
599.845093
910.192017
1264.263428
1648.454224
2048.000000
2447.544922
2831.735596
3185.807861
3496.154785
3750.849609
3940.105225
4056.648193
4096.000000
4056.648438
3940.105469
3750.849854
3496.154785
3185.808105
2831.735840
2447.545410
2048.000244
1648.455200
1264.264771
910.192383
599.845703
345.150513
155.894775
39.351807
0.000000
39.351562
155.894531
345.150024
599.845093
910.192017
1264.263428
1648.454224
2048.000000
2447.544922
2831.735596
3185.807861
3496.154785
3750.849609
3940.105225
4056.648193
4096.000000
4056.648438
3940.105469
3750.849854
3496.154785
3185.808105
2831.735840
2447.545410
2048.000244
1648.455200
1264.264771
910.192383
599.845703
345.150513
155.894775
39.351807
0.000000
39.351562
155.894531
345.150024
599.845093
910.192017
1264.263428
1648.454224
-------- test bit reverse ---------
0	0
1	64
2	32
3	96
4	16
5	80
6	48
7	112
8	8
9	72
10	40
11	104
12	24
13	88
14	56
15	120
16	4
17	68
18	36
19	100
20	20
21	84
22	52
23	116
24	12
25	76
26	44
27	108
28	28
29	92
30	60
31	124
32	2
33	66
34	34
35	98
36	18
37	82
38	50
39	114
40	10
41	74
42	42
43	106
44	26
45	90
46	58
47	122
48	6
49	70
50	38
51	102
52	22
53	86
54	54
55	118
56	14
57	78
58	46
59	110
60	30
61	94
62	62
63	126
64	1
65	65
66	33
67	97
68	17
69	81
70	49
71	113
72	9
73	73
74	41
75	105
76	25
77	89
78	57
79	121
80	5
81	69
82	37
83	101
84	21
85	85
86	53
87	117
88	13
89	77
90	45
91	109
92	29
93	93
94	61
95	125
96	3
97	67
98	35
99	99
100	19
101	83
102	51
103	115
104	11
105	75
106	43
107	107
108	27
109	91
110	59
111	123
112	7
113	71
114	39
115	103
116	23
117	87
118	55
119	119
120	15
121	79
122	47
123	111
124	31
125	95
126	63
127	127
------------------------fft---------------------------------
0	262144
1	0
2	0
3	0
4	131072
5	0
6	0
7	0
8	0
9	0
10	0
11	0
12	0
13	0
14	0
15	0
16	0
17	0
18	0
19	0
20	0
21	0
22	0
23	0
24	0
25	0
26	0
27	0
28	0
29	0
30	0
31	0
32	0
33	0
34	0
35	0
36	0
37	0
38	0
39	0
40	0
41	0
42	0
43	0
44	0
45	0
46	0
47	0
48	0
49	0
50	0
51	0
52	0
53	0
54	0
55	0
56	0
57	0
58	0
59	0
60	0
61	0
62	0
63	0
64	0
65	0
66	0
67	0
68	0
69	0
70	0
71	0
72	0
73	0
74	0
75	0
76	0
77	0
78	0
79	0
80	0
81	0
82	0
83	0
84	0
85	0
86	0
87	0
88	0
89	0
90	0
91	0
92	0
93	0
94	0
95	0
96	0
97	0
98	0
99	0
100	0
101	0
102	0
103	0
104	0
105	0
106	0
107	0
108	0
109	0
110	0
111	0
112	0
113	0
114	0
115	0
116	0
117	0
118	0
119	0
120	0
121	0
122	0
123	0
124	131071
125	0
126	0
127	0
